cluster	precision	recall
0	0.5	0.09848484848484848
1	0.03571428571428571	0.19916904904521004
2	0.00041371009864787104	0.4309119042077666
3	1.0	0.058823529411764705
4	0.5	0.02543810062182024
5	1.0	0.3333333333333333
6	0.5	0.05637254901960784
7	1.0	0.05263157894736842
8	1.0	0.16666666666666666
9	1.0	0.5
10	nan	nan
11	1.0	0.03571428571428571
12	1.0	0.2
13	1.0	1.0
14	1.0	0.07692307692307693
15	1.0	0.2
16	1.0	1.0
17	1.0	0.5
18	1.0	0.2
19	1.0	0.25
20	1.0	0.5
21	1.0	0.25
22	1.0	0.2
23	1.0	0.07142857142857142
24	1.0	0.125
25	1.0	0.3333333333333333
26	1.0	0.2
27	1.0	0.3333333333333333
28	1.0	0.2
29	nan	nan
30	1.0	0.08333333333333333
31	1.0	0.06666666666666667
32	1.0	0.125
33	1.0	0.043478260869565216
34	1.0	0.25
35	1.0	0.045454545454545456
36	1.0	0.125
37	1.0	0.058823529411764705
38	1.0	0.043478260869565216
39	1.0	0.25
40	1.0	0.16666666666666666
41	1.0	0.16666666666666666
42	1.0	0.14285714285714285
43	1.0	0.1111111111111111
44	1.0	0.125
45	1.0	0.07142857142857142
46	1.0	0.1111111111111111
47	1.0	0.058823529411764705
48	1.0	0.2
49	1.0	0.125
50	1.0	0.1
51	1.0	0.3333333333333333
52	1.0	0.03333333333333333
53	1.0	0.3333333333333333
54	1.0	0.25
55	1.0	0.16666666666666666
56	1.0	0.25
57	1.0	0.07692307692307693
58	1.0	0.3333333333333333
59	1.0	0.5
60	1.0	1.0
61	1.0	0.125
62	1.0	0.024390243902439025
63	1.0	0.1111111111111111
64	1.0	0.2
65	1.0	0.2
66	1.0	0.125
67	1.0	0.14285714285714285
68	1.0	0.1111111111111111
69	1.0	0.07142857142857142
70	nan	nan
71	1.0	0.25
72	1.0	0.125
73	1.0	1.0
74	nan	nan
75	1.0	0.2
76	1.0	0.5
77	1.0	0.07692307692307693
78	1.0	0.07692307692307693
79	1.0	1.0
80	1.0	0.09090909090909091
81	nan	nan
82	nan	nan
83	1.0	0.25
84	1.0	0.05
85	1.0	1.0
86	1.0	0.1
87	1.0	0.05
88	1.0	0.3333333333333333
89	1.0	0.25
90	1.0	0.07692307692307693
91	1.0	0.5
92	1.0	0.125
93	1.0	0.03571428571428571
94	1.0	0.3333333333333333
95	1.0	0.14285714285714285
96	1.0	0.5
97	1.0	0.25
98	1.0	0.5
99	nan	nan
100	nan	nan
101	1.0	0.3333333333333333
102	1.0	0.06666666666666667
103	nan	nan
104	1.0	0.14285714285714285
105	1.0	0.16666666666666666
106	1.0	0.07692307692307693
107	1.0	0.16666666666666666
108	1.0	1.0
109	1.0	0.25
110	1.0	0.0625
111	1.0	0.2
112	nan	nan
113	1.0	0.06666666666666667
114	1.0	1.0
115	1.0	0.125
116	1.0	0.05555555555555555
117	1.0	0.2
118	1.0	0.05
119	1.0	0.09090909090909091
120	1.0	0.047619047619047616
121	1.0	0.05555555555555555
122	1.0	0.125
123	1.0	0.1111111111111111
124	1.0	0.1111111111111111
125	nan	nan
126	1.0	0.030303030303030304
127	1.0	0.5
128	1.0	0.06666666666666667
129	1.0	0.07692307692307693
130	nan	nan
131	nan	nan
132	1.0	0.06666666666666667
133	1.0	0.02564102564102564
134	1.0	0.3333333333333333
135	1.0	0.25
136	1.0	0.014084507042253521
137	1.0	0.2
138	1.0	0.05555555555555555
139	1.0	0.14285714285714285
140	nan	nan
141	nan	nan
142	1.0	0.1
143	nan	nan
144	1.0	0.3333333333333333
145	1.0	0.25
146	nan	nan
147	1.0	0.058823529411764705
148	1.0	0.03571428571428571
149	1.0	0.14285714285714285
150	1.0	0.3333333333333333
151	1.0	0.2
152	1.0	0.16666666666666666
153	1.0	0.14285714285714285
154	1.0	0.3333333333333333
155	1.0	0.1
156	1.0	0.14285714285714285
157	1.0	0.5
158	1.0	0.5
159	1.0	0.14285714285714285
160	1.0	0.5
161	nan	nan
162	1.0	0.14285714285714285
163	1.0	0.1
164	1.0	0.25
165	1.0	0.125
166	1.0	0.3333333333333333
167	1.0	1.0
168	1.0	0.3333333333333333
169	1.0	0.038461538461538464
170	1.0	0.2
171	1.0	0.023255813953488372
172	1.0	0.125
173	1.0	0.07692307692307693
174	nan	nan
175	1.0	0.5
176	1.0	0.16666666666666666
177	1.0	0.037037037037037035
178	1.0	1.0
179	nan	nan
180	1.0	0.08333333333333333
181	1.0	0.14285714285714285
182	1.0	0.16666666666666666
183	1.0	0.5
184	1.0	0.125
185	1.0	0.16666666666666666
186	nan	nan
187	nan	nan
188	nan	nan
189	1.0	0.07692307692307693
190	1.0	0.25
191	1.0	0.08333333333333333
192	nan	nan
193	1.0	0.16666666666666666
194	nan	nan
195	nan	nan
196	1.0	0.25
197	1.0	0.14285714285714285
198	1.0	0.05263157894736842
199	1.0	0.3333333333333333
200	nan	nan
201	1.0	0.3333333333333333
202	1.0	0.1111111111111111
203	1.0	0.058823529411764705
204	1.0	0.25
205	1.0	0.0625
206	1.0	0.08333333333333333
207	1.0	0.5
208	1.0	0.3333333333333333
209	1.0	0.3333333333333333
210	1.0	0.5
211	1.0	0.05263157894736842
212	1.0	1.0
213	1.0	0.05
214	1.0	0.1111111111111111
215	nan	nan
216	1.0	0.25
217	1.0	0.2
218	1.0	0.07142857142857142
219	1.0	0.05555555555555555
220	nan	nan
221	1.0	0.038461538461538464
222	1.0	0.5
223	1.0	0.2
224	nan	nan
225	1.0	1.0
226	1.0	0.0196078431372549
227	1.0	0.25
228	1.0	1.0
229	1.0	0.06666666666666667
230	1.0	0.5
231	1.0	0.07142857142857142
232	1.0	0.1
233	1.0	0.2
234	1.0	0.5
235	1.0	0.16666666666666666
236	1.0	0.02857142857142857
237	1.0	0.3333333333333333
238	1.0	0.0625
239	1.0	0.5
240	1.0	0.25
241	1.0	0.16666666666666666
242	1.0	1.0
243	1.0	0.125
244	1.0	0.125
245	1.0	0.2
246	1.0	0.3333333333333333
247	1.0	0.125
248	1.0	0.06666666666666667
249	1.0	0.05555555555555555
250	1.0	0.2
251	1.0	0.07692307692307693
252	1.0	0.5
253	1.0	0.14285714285714285
254	1.0	0.25
255	1.0	0.5
256	1.0	0.5
257	1.0	0.08333333333333333
258	nan	nan
259	1.0	0.1111111111111111
260	1.0	1.0
261	1.0	0.06666666666666667
262	nan	nan
263	nan	nan
264	1.0	0.5
265	1.0	0.027777777777777776
266	1.0	0.05
267	1.0	0.1
268	1.0	0.06666666666666667
269	1.0	0.03225806451612903
270	1.0	0.07692307692307693
271	1.0	0.1111111111111111
272	1.0	1.0
273	1.0	0.05263157894736842
274	1.0	0.16666666666666666
275	1.0	0.08333333333333333
276	1.0	0.058823529411764705
277	1.0	0.3333333333333333
278	1.0	0.5
279	1.0	0.25
280	1.0	0.045454545454545456
281	1.0	0.3333333333333333
282	1.0	0.25
283	nan	nan
284	1.0	0.125
285	1.0	0.125
286	1.0	0.07692307692307693
287	1.0	0.2
288	1.0	0.06666666666666667
289	1.0	0.25
290	1.0	0.14285714285714285
291	1.0	0.05555555555555555
292	1.0	0.07142857142857142
293	1.0	0.125
294	1.0	0.07142857142857142
295	1.0	0.2
296	1.0	0.2
297	1.0	0.14285714285714285
298	nan	nan
299	1.0	0.16666666666666666
300	1.0	0.5
301	1.0	0.5
302	1.0	0.09090909090909091
303	1.0	0.03571428571428571
304	1.0	0.14285714285714285
305	1.0	0.1111111111111111
306	1.0	0.07692307692307693
307	1.0	0.25
308	1.0	0.3333333333333333
309	1.0	0.02702702702702703
310	1.0	0.2
311	1.0	0.08333333333333333
312	1.0	0.16666666666666666
313	1.0	1.0
314	1.0	0.09090909090909091
315	1.0	0.1111111111111111
316	1.0	0.3333333333333333
317	1.0	0.1111111111111111
318	1.0	0.5
319	1.0	0.14285714285714285
320	1.0	0.25
321	1.0	0.07142857142857142
322	1.0	0.2
323	nan	nan
324	1.0	0.25
325	1.0	0.14285714285714285
326	1.0	0.05263157894736842
327	1.0	0.07142857142857142
328	1.0	0.25
329	1.0	0.5
330	nan	nan
331	1.0	1.0
332	1.0	0.02857142857142857
333	1.0	0.16666666666666666
334	1.0	0.3333333333333333
335	1.0	0.2
336	1.0	1.0
337	1.0	0.07142857142857142
338	1.0	0.5
339	1.0	0.125
340	1.0	0.07692307692307693
341	1.0	0.5
342	1.0	0.047619047619047616
343	1.0	0.041666666666666664
344	1.0	0.0625
345	nan	nan
346	1.0	0.07692307692307693
347	1.0	0.125
348	1.0	0.25
349	nan	nan
350	1.0	0.125
351	1.0	0.027777777777777776
352	1.0	0.5
353	1.0	0.25
354	1.0	0.125
355	1.0	0.08333333333333333
356	1.0	0.2
357	1.0	0.5
358	1.0	0.3333333333333333
359	1.0	0.5
360	1.0	0.5
361	1.0	0.1111111111111111
362	1.0	1.0
363	1.0	0.09090909090909091
364	1.0	0.2
365	1.0	0.058823529411764705
366	1.0	0.3333333333333333
367	nan	nan
368	nan	nan
369	1.0	0.037037037037037035
370	1.0	0.5
371	1.0	0.2
372	1.0	0.2
373	1.0	0.05
374	nan	nan
375	1.0	0.014084507042253521
376	1.0	0.06666666666666667
377	1.0	0.25
378	1.0	0.08333333333333333
379	1.0	0.25
380	1.0	0.034482758620689655
381	1.0	1.0
382	1.0	0.034482758620689655
383	1.0	1.0
384	1.0	0.125
385	1.0	0.25
386	1.0	0.5
387	1.0	0.25
388	1.0	0.16666666666666666
389	1.0	0.2
390	1.0	0.16666666666666666
391	1.0	0.14285714285714285
392	1.0	0.3333333333333333
393	1.0	0.07142857142857142
394	1.0	0.5
395	1.0	0.05263157894736842
396	1.0	0.1111111111111111
397	1.0	0.14285714285714285
398	1.0	0.06666666666666667
399	1.0	0.3333333333333333
400	1.0	0.3333333333333333
401	1.0	0.25
402	1.0	0.1
403	1.0	0.06666666666666667
404	1.0	0.045454545454545456
405	nan	nan
406	1.0	0.3333333333333333
407	1.0	0.07692307692307693
408	1.0	0.05555555555555555
409	1.0	0.5
410	1.0	1.0
411	1.0	0.14285714285714285
412	1.0	1.0
413	nan	nan
414	1.0	0.5
415	1.0	0.5
416	1.0	0.14285714285714285
417	1.0	0.1111111111111111
418	1.0	0.5
419	nan	nan
420	1.0	0.125
421	1.0	0.034482758620689655
422	1.0	0.08333333333333333
423	1.0	0.5
424	nan	nan
425	1.0	0.1111111111111111
426	1.0	0.5
427	1.0	0.5
428	1.0	0.16666666666666666
429	1.0	0.09090909090909091
430	1.0	0.16666666666666666
431	1.0	0.3333333333333333
432	1.0	0.07692307692307693
433	1.0	0.125
434	1.0	0.3333333333333333
435	nan	nan
436	1.0	0.07142857142857142
437	1.0	0.07692307692307693
438	1.0	0.09090909090909091
439	1.0	0.16666666666666666
440	1.0	0.14285714285714285
441	nan	nan
442	1.0	1.0
443	nan	nan
444	1.0	0.041666666666666664
445	1.0	0.024390243902439025
446	1.0	0.013888888888888888
447	1.0	0.06666666666666667
448	1.0	0.045454545454545456
449	1.0	0.1
450	1.0	0.09090909090909091
451	1.0	1.0
452	1.0	0.07692307692307693
453	1.0	0.5
454	1.0	0.25
455	1.0	0.125
456	1.0	0.029411764705882353
457	1.0	0.08333333333333333
458	nan	nan
459	1.0	0.25
460	1.0	0.038461538461538464
461	1.0	0.16666666666666666
462	1.0	0.5
463	1.0	0.09090909090909091
464	1.0	0.3333333333333333
465	1.0	0.14285714285714285
466	1.0	0.1
467	1.0	0.016666666666666666
468	1.0	0.5
469	1.0	0.2
470	1.0	0.3333333333333333
471	nan	nan
472	1.0	0.125
473	1.0	0.2
474	1.0	0.3333333333333333
475	1.0	0.06666666666666667
476	1.0	0.1111111111111111
477	1.0	0.08333333333333333
478	1.0	0.2
479	1.0	0.3333333333333333
480	1.0	0.03333333333333333
481	1.0	0.3333333333333333
482	nan	nan
483	1.0	0.3333333333333333
484	1.0	0.2
485	1.0	0.1
486	1.0	0.07692307692307693
487	1.0	0.25
488	1.0	0.14285714285714285
489	1.0	0.058823529411764705
490	nan	nan
491	1.0	0.1
492	1.0	0.16666666666666666
493	1.0	0.25
494	1.0	0.03225806451612903
495	nan	nan
496	1.0	0.3333333333333333
497	1.0	0.125
498	1.0	0.1
499	1.0	0.16666666666666666
500	1.0	0.25
501	1.0	0.125
502	1.0	0.07692307692307693
503	1.0	0.3333333333333333
504	nan	nan
505	1.0	0.16666666666666666
506	1.0	0.030303030303030304
507	1.0	0.02702702702702703
508	1.0	0.05263157894736842
509	1.0	0.2
510	1.0	0.5
511	1.0	0.08333333333333333
512	1.0	0.16666666666666666
513	1.0	0.25
514	1.0	0.3333333333333333
515	1.0	0.08333333333333333
516	1.0	0.3333333333333333
517	1.0	0.08333333333333333
518	1.0	0.14285714285714285
519	1.0	0.25
520	1.0	0.07142857142857142
521	1.0	0.0625
522	1.0	0.3333333333333333
523	1.0	0.16666666666666666
524	1.0	0.5
525	1.0	1.0
526	1.0	0.0625
527	nan	nan
528	1.0	0.125
529	nan	nan
530	1.0	0.125
531	1.0	0.14285714285714285
532	1.0	0.2
533	1.0	0.1111111111111111
534	nan	nan
535	1.0	0.1
536	1.0	0.02702702702702703
537	1.0	0.05
538	1.0	0.5
539	1.0	0.1
540	1.0	0.3333333333333333
541	1.0	0.02631578947368421
542	1.0	0.04
543	1.0	0.25
544	1.0	0.1
545	1.0	0.16666666666666666
546	1.0	0.047619047619047616
547	nan	nan
548	1.0	0.125
549	1.0	0.058823529411764705
550	1.0	0.14285714285714285
551	1.0	0.5
552	1.0	0.04
553	1.0	0.25
554	1.0	0.3333333333333333
555	1.0	1.0
556	1.0	0.25
557	1.0	0.1111111111111111
558	nan	nan
559	1.0	0.16666666666666666
560	nan	nan
561	1.0	0.07692307692307693
562	1.0	0.2
563	1.0	0.05555555555555555
564	1.0	0.25
565	1.0	0.013888888888888888
566	1.0	0.02702702702702703
567	1.0	0.05555555555555555
568	1.0	0.1
569	1.0	0.16666666666666666
570	1.0	0.5
571	1.0	0.05555555555555555
572	1.0	0.047619047619047616
573	1.0	0.16666666666666666
574	1.0	0.038461538461538464
575	1.0	0.05555555555555555
576	1.0	0.06666666666666667
577	1.0	0.3333333333333333
578	1.0	0.5
579	1.0	0.16666666666666666
580	1.0	0.08333333333333333
581	nan	nan
582	1.0	0.058823529411764705
583	1.0	0.07692307692307693
584	1.0	0.3333333333333333
585	1.0	0.06666666666666667
586	1.0	0.25
587	1.0	0.06666666666666667
588	1.0	0.16666666666666666
589	1.0	0.14285714285714285
590	1.0	0.06666666666666667
591	1.0	0.16666666666666666
592	1.0	0.0625
593	1.0	0.16666666666666666
594	1.0	0.030303030303030304
595	1.0	0.14285714285714285
596	1.0	0.5
597	1.0	0.2
598	1.0	0.04
599	1.0	0.3333333333333333
600	nan	nan
601	1.0	0.06666666666666667
602	1.0	0.14285714285714285
603	1.0	1.0
604	1.0	0.2
605	1.0	1.0
606	1.0	0.25
607	1.0	1.0
608	1.0	1.0
609	1.0	0.043478260869565216
610	1.0	0.2
611	1.0	1.0
612	1.0	0.04
613	1.0	0.2
614	1.0	0.1111111111111111
615	1.0	0.1111111111111111
616	1.0	0.14285714285714285
617	1.0	0.09090909090909091
618	1.0	0.07142857142857142
619	1.0	0.14285714285714285
620	1.0	0.1111111111111111
621	1.0	0.1
622	1.0	0.058823529411764705
623	1.0	0.1111111111111111
624	nan	nan
625	1.0	0.03125
626	1.0	0.25
627	1.0	0.25
628	1.0	0.047619047619047616
629	1.0	0.5
630	1.0	0.14285714285714285
631	nan	nan
632	1.0	0.5
633	1.0	0.3333333333333333
634	1.0	0.043478260869565216
635	1.0	1.0
636	1.0	0.5
637	nan	nan
638	1.0	0.04
639	1.0	0.045454545454545456
640	1.0	0.041666666666666664
641	nan	nan
642	1.0	0.07142857142857142
643	1.0	0.25
644	1.0	0.0625
645	nan	nan
646	1.0	0.25
647	1.0	0.2
648	1.0	0.5
649	1.0	0.25
650	1.0	0.043478260869565216
651	1.0	0.1111111111111111
652	1.0	0.1111111111111111
653	1.0	0.038461538461538464
654	1.0	0.041666666666666664
655	1.0	0.3333333333333333
656	1.0	0.25
657	1.0	0.2
658	1.0	0.030303030303030304
659	1.0	0.25
660	1.0	0.16666666666666666
661	1.0	0.16666666666666666
662	1.0	0.16666666666666666
663	1.0	0.14285714285714285
664	1.0	0.07142857142857142
665	1.0	0.14285714285714285
666	1.0	0.1
667	1.0	0.07142857142857142
668	1.0	0.04
669	1.0	0.16666666666666666
670	1.0	0.07142857142857142
671	nan	nan
672	1.0	0.3333333333333333
673	nan	nan
674	1.0	0.125
675	1.0	0.3333333333333333
676	1.0	0.3333333333333333
677	nan	nan
678	1.0	0.16666666666666666
679	1.0	0.022727272727272728
680	1.0	0.25
681	1.0	0.14285714285714285
682	1.0	0.3333333333333333
683	1.0	0.07142857142857142
684	1.0	0.125
685	1.0	1.0
686	1.0	0.25
687	1.0	0.08333333333333333
688	1.0	0.25
689	1.0	0.5
690	1.0	0.25
691	1.0	0.2
692	nan	nan
693	1.0	0.1111111111111111
694	1.0	0.1111111111111111
695	1.0	0.16666666666666666
696	1.0	0.25
697	1.0	0.1
698	nan	nan
699	1.0	0.3333333333333333
700	1.0	0.09090909090909091
701	1.0	0.125
702	1.0	0.2
703	1.0	0.25
704	1.0	0.2
705	nan	nan
706	nan	nan
707	1.0	0.14285714285714285
708	1.0	0.043478260869565216
709	1.0	0.1
710	1.0	0.07142857142857142
711	1.0	0.16666666666666666
712	1.0	1.0
713	1.0	0.09090909090909091
714	1.0	0.08333333333333333
715	1.0	0.022727272727272728
716	1.0	0.25
717	1.0	0.07692307692307693
718	1.0	0.1
719	nan	nan
720	1.0	0.16666666666666666
721	1.0	0.09090909090909091
722	1.0	0.16666666666666666
723	1.0	0.16666666666666666
724	nan	nan
725	1.0	0.16666666666666666
726	nan	nan
727	1.0	1.0
728	nan	nan
729	1.0	0.5
730	1.0	0.043478260869565216
731	1.0	0.09090909090909091
732	1.0	0.25
733	1.0	0.1
734	1.0	0.5
735	1.0	0.045454545454545456
736	1.0	0.16666666666666666
737	1.0	0.5
738	1.0	0.3333333333333333
739	1.0	0.1111111111111111
740	1.0	0.1
741	1.0	1.0
742	nan	nan
743	1.0	1.0
744	1.0	0.2
745	1.0	0.14285714285714285
746	1.0	1.0
747	1.0	0.1
748	1.0	0.07692307692307693
749	1.0	0.07142857142857142
750	nan	nan
751	nan	nan
752	1.0	0.05263157894736842
753	1.0	0.3333333333333333
754	1.0	0.02564102564102564
755	1.0	0.04
756	1.0	0.16666666666666666
757	1.0	1.0
758	nan	nan
759	1.0	0.1111111111111111
760	1.0	0.07142857142857142
761	1.0	1.0
762	1.0	0.09090909090909091
763	1.0	0.1111111111111111
764	nan	nan
765	1.0	0.08333333333333333
766	1.0	0.0625
767	1.0	0.14285714285714285
768	1.0	0.5
769	1.0	0.058823529411764705
770	1.0	0.3333333333333333
771	1.0	0.14285714285714285
772	1.0	0.125
773	1.0	0.3333333333333333
774	1.0	0.07142857142857142
775	1.0	0.16666666666666666
776	1.0	0.5
777	1.0	0.022222222222222223
778	1.0	1.0
779	1.0	0.16666666666666666
780	nan	nan
781	1.0	0.14285714285714285
782	1.0	0.3333333333333333
783	1.0	0.16666666666666666
784	1.0	0.2
785	1.0	0.14285714285714285
786	1.0	0.3333333333333333
787	1.0	0.125
788	1.0	0.058823529411764705
789	1.0	0.02857142857142857
790	1.0	0.08333333333333333
791	1.0	0.05263157894736842
792	1.0	0.125
793	1.0	1.0
794	1.0	0.3333333333333333
795	1.0	0.14285714285714285
796	1.0	0.5
797	1.0	0.07692307692307693
798	1.0	0.08333333333333333
799	1.0	0.07142857142857142
800	nan	nan
801	1.0	0.2
802	1.0	0.1
803	1.0	0.25
804	1.0	0.125
805	1.0	0.04
806	1.0	0.045454545454545456
807	1.0	0.021739130434782608
808	1.0	0.02857142857142857
809	1.0	0.2
810	1.0	0.125
811	1.0	0.5
812	1.0	0.25
813	1.0	0.1111111111111111
814	1.0	0.3333333333333333
815	1.0	0.08333333333333333
816	1.0	0.0625
817	nan	nan
818	1.0	0.041666666666666664
819	1.0	0.5
820	nan	nan
821	1.0	0.3333333333333333
822	1.0	0.25
823	nan	nan
824	1.0	0.14285714285714285
825	1.0	0.041666666666666664
826	1.0	0.16666666666666666
827	1.0	0.1111111111111111
828	1.0	0.2
829	1.0	0.125
830	1.0	0.030303030303030304
831	1.0	0.16666666666666666
832	1.0	0.125
833	1.0	0.3333333333333333
834	1.0	0.014084507042253521
835	1.0	0.07142857142857142
836	1.0	0.3333333333333333
837	1.0	0.125
838	1.0	0.2
839	1.0	0.25
840	1.0	0.015151515151515152
841	nan	nan
842	nan	nan
843	1.0	0.05
844	1.0	0.037037037037037035
845	1.0	0.1111111111111111
846	1.0	0.058823529411764705
847	1.0	0.027777777777777776
848	1.0	0.05263157894736842
849	nan	nan
850	1.0	0.1
851	nan	nan
852	1.0	0.2
853	1.0	0.25
854	1.0	0.0625
855	nan	nan
856	1.0	0.25
857	1.0	0.16666666666666666
858	1.0	0.25
859	1.0	1.0
860	1.0	0.09090909090909091
861	nan	nan
862	1.0	0.3333333333333333
863	1.0	0.5
864	1.0	1.0
865	1.0	0.25
866	nan	nan
867	1.0	0.3333333333333333
868	1.0	0.25
869	nan	nan
870	1.0	0.05
871	1.0	0.0196078431372549
872	1.0	0.045454545454545456
873	1.0	0.25
874	1.0	0.16666666666666666
875	1.0	0.3333333333333333
876	1.0	0.2
877	1.0	0.5
878	1.0	0.05555555555555555
879	1.0	1.0
880	nan	nan
881	nan	nan
882	1.0	0.25
883	1.0	0.3333333333333333
884	1.0	0.045454545454545456
885	1.0	0.125
886	1.0	0.5
887	1.0	0.0625
888	1.0	0.3333333333333333
889	1.0	0.14285714285714285
890	1.0	0.2
891	1.0	0.1111111111111111
892	1.0	0.25
893	1.0	0.14285714285714285
894	1.0	0.16666666666666666
895	1.0	0.16666666666666666
896	nan	nan
897	1.0	0.2
898	nan	nan
899	1.0	0.1
