cluster	precision	recall
0	0.25	1.0
1	0.5	1.0
2	0.5	1.0
3	0.015384615384615385	1.0
4	0.1	1.0
5	0.25	1.0
6	0.25	1.0
7	0.0769230769230769	1.0
8	0.5	1.0
9	0.5	1.0
10	0.5	1.0
11	0.5	1.0
12	0.5	1.0
13	0.3333333333333333	1.0
14	0.5	1.0
15	0.2	1.0
16	0.14285714285714282	1.0
17	0.25	1.0
18	1.0	1.0
19	0.3333333333333333	1.0
20	0.3333333333333333	1.0
21	0.5	1.0
22	0.04545454545454544	1.0
23	0.3333333333333333	1.0
24	1.0	1.0
25	0.3333333333333333	1.0
26	0.07142857142857141	1.0
27	0.3333333333333333	1.0
28	0.08333333333333333	1.0
29	0.3333333333333333	1.0
30	0.5	1.0
31	0.14285714285714282	1.0
32	0.5	1.0
33	0.3333333333333333	1.0
34	1.0	1.0
35	0.2	1.0
36	1.0	1.0
37	0.25	1.0
38	0.5	1.0
39	0.5	1.0
40	0.3333333333333333	1.0
41	1.0	1.0
42	1.0	1.0
43	0.5	1.0
44	0.25	1.0
45	0.09090909090909091	1.0
46	0.25	1.0
47	0.5	1.0
48	0.09090909090909091	1.0
49	0.3333333333333333	1.0
50	1.0	1.0
51	1.0	1.0
52	0.1	1.0
53	0.5	1.0
54	0.3333333333333333	1.0
55	0.5	1.0
56	1.0	1.0
57	0.3333333333333333	1.0
58	0.3333333333333333	1.0
59	0.5	1.0
60	0.16666666666666666	1.0
61	0.5	1.0
62	0.5	1.0
63	0.25	1.0
64	1.0	1.0
65	0.5	1.0
66	0.25	1.0
67	0.3333333333333333	1.0
68	0.5	1.0
69	0.3333333333333333	1.0
70	0.3333333333333333	1.0
71	0.5	1.0
72	0.5	1.0
73	0.3333333333333333	1.0
74	0.3333333333333333	1.0
75	0.5	1.0
76	0.5	1.0
77	0.5	1.0
78	1.0	1.0
79	0.25	1.0
80	0.25	1.0
81	0.5	1.0
82	1.0	1.0
83	0.5	1.0
84	0.16666666666666666	1.0
85	0.5	1.0
86	0.3333333333333333	1.0
87	0.2	1.0
88	0.3333333333333333	1.0
89	0.5	1.0
90	0.3333333333333333	1.0
91	0.14285714285714282	1.0
92	1.0	1.0
93	0.5	1.0
94	0.5	1.0
95	0.3333333333333333	1.0
96	0.3333333333333333	1.0
97	0.3333333333333333	1.0
98	0.3333333333333333	1.0
99	1.0	1.0
100	0.3333333333333333	1.0
101	1.0	1.0
102	1.0	1.0
103	0.3333333333333333	1.0
104	0.5	1.0
105	0.5	1.0
106	0.5	1.0
107	0.5	1.0
108	0.5	1.0
109	0.5	1.0
110	0.3333333333333333	1.0
111	0.5	1.0
112	0.3333333333333333	1.0
113	0.5	1.0
114	0.25	1.0
115	0.16666666666666666	1.0
116	0.5	1.0
117	0.3333333333333333	1.0
118	1.0	1.0
119	0.2	1.0
120	0.3333333333333333	1.0
121	1.0	1.0
122	0.2	1.0
123	1.0	1.0
124	1.0	1.0
125	0.2	1.0
126	0.5	1.0
127	0.3333333333333333	1.0
128	1.0	1.0
129	0.3333333333333333	1.0
130	0.2	1.0
131	0.3333333333333333	1.0
132	0.5	1.0
133	0.5	1.0
134	0.5	1.0
135	0.5	1.0
136	0.3333333333333333	1.0
137	0.5	1.0
138	0.3333333333333333	1.0
139	0.3333333333333333	1.0
140	0.2	1.0
141	0.25	1.0
142	0.3333333333333333	1.0
143	0.3333333333333333	1.0
144	0.25	1.0
145	0.3333333333333333	1.0
146	1.0	1.0
147	0.5	1.0
148	0.25	1.0
149	0.3333333333333333	1.0
150	0.5	1.0
151	0.3333333333333333	1.0
152	1.0	1.0
153	0.3333333333333333	1.0
154	0.5	1.0
155	0.3333333333333333	1.0
156	0.5	1.0
157	1.0	1.0
158	0.25	1.0
159	1.0	1.0
160	0.25	1.0
161	1.0	1.0
162	0.2	1.0
163	0.25	1.0
164	0.5	1.0
165	0.25	1.0
166	0.5	1.0
167	0.3333333333333333	1.0
168	0.14285714285714282	1.0
169	0.5	1.0
170	0.5	1.0
171	0.5	1.0
172	0.5	1.0
173	0.3333333333333333	1.0
174	0.3333333333333333	1.0
175	0.5	1.0
176	0.5	1.0
177	0.5	1.0
178	1.0	1.0
179	0.125	1.0
180	0.3333333333333333	1.0
181	0.2	1.0
182	0.5	1.0
183	0.5	1.0
184	0.25	1.0
185	0.5	1.0
186	1.0	1.0
187	0.3333333333333333	1.0
188	0.5	1.0
189	0.3333333333333333	1.0
190	0.5	1.0
191	0.2	1.0
192	1.0	1.0
193	0.1111111111111111	1.0
194	0.3333333333333333	1.0
195	0.25	1.0
196	0.5	1.0
197	0.5	1.0
198	0.5	1.0
199	0.25	1.0
200	0.25	1.0
201	0.3333333333333333	1.0
202	0.3333333333333333	1.0
203	0.25	1.0
204	0.5	1.0
205	0.3333333333333333	1.0
206	0.14285714285714282	1.0
207	0.25	1.0
208	0.25	1.0
209	0.3333333333333333	1.0
210	1.0	1.0
211	0.2	1.0
212	0.2	1.0
213	0.5	1.0
214	0.3333333333333333	1.0
215	0.5	1.0
216	1.0	1.0
217	0.5	1.0
218	1.0	1.0
219	0.3333333333333333	1.0
220	0.25	1.0
221	0.125	1.0
222	0.2	1.0
223	0.5	1.0
224	0.125	1.0
225	0.3333333333333333	1.0
226	1.0	1.0
227	0.2	1.0
228	0.25	1.0
229	0.3333333333333333	1.0
230	0.5	1.0
231	1.0	1.0
232	0.25	1.0
233	1.0	1.0
234	0.2	1.0
235	0.16666666666666666	1.0
236	0.25	1.0
237	0.3333333333333333	1.0
238	0.2	1.0
239	0.3333333333333333	1.0
240	1.0	1.0
241	0.5	1.0
242	1.0	1.0
243	0.2	1.0
244	0.3333333333333333	1.0
245	1.0	1.0
246	0.3333333333333333	1.0
247	0.5	1.0
248	0.5	1.0
249	0.5	1.0
250	0.1	1.0
251	0.5	1.0
252	0.3333333333333333	1.0
253	1.0	1.0
254	0.3333333333333333	1.0
255	1.0	1.0
256	0.5	1.0
257	0.25	1.0
258	0.2	1.0
259	1.0	1.0
260	0.25	1.0
261	0.5	1.0
262	0.3333333333333333	1.0
263	0.5	1.0
264	0.5	1.0
265	0.5	1.0
266	0.25	1.0
267	0.2	1.0
268	0.16666666666666666	1.0
269	0.25	1.0
270	0.5	1.0
271	0.5	1.0
272	0.14285714285714282	1.0
273	0.2	1.0
274	0.3333333333333333	1.0
275	0.3333333333333333	1.0
276	0.2	1.0
277	0.3333333333333333	1.0
278	0.25	1.0
279	0.2	1.0
280	0.25	1.0
281	0.2	1.0
282	1.0	1.0
283	0.3333333333333333	1.0
284	0.5	1.0
285	0.5	1.0
286	0.5	1.0
287	1.0	1.0
288	0.3333333333333333	1.0
289	0.5	1.0
290	0.2	1.0
291	0.3333333333333333	1.0
292	0.5	1.0
293	0.16666666666666666	1.0
294	0.25	1.0
295	1.0	1.0
296	1.0	1.0
297	1.0	1.0
298	0.14285714285714282	1.0
299	1.0	1.0
300	0.5	1.0
301	0.5	1.0
302	0.25	1.0
303	1.0	1.0
304	0.16666666666666666	1.0
305	0.5	1.0
306	0.125	1.0
307	0.3333333333333333	1.0
308	0.3333333333333333	1.0
309	0.14285714285714282	1.0
310	0.1111111111111111	1.0
311	0.2	1.0
312	0.25	1.0
313	0.3333333333333333	1.0
314	0.5	1.0
315	0.3333333333333333	1.0
316	0.25	1.0
317	0.25	1.0
318	0.5	1.0
319	0.14285714285714282	1.0
320	0.16666666666666666	1.0
321	0.08333333333333333	1.0
322	1.0	1.0
323	0.2	1.0
324	0.25	1.0
325	0.5	1.0
326	0.06666666666666667	1.0
327	0.5	1.0
328	0.5	1.0
329	0.3333333333333333	1.0
330	0.5	1.0
331	0.2	1.0
332	0.3333333333333333	1.0
333	0.25	1.0
334	0.125	1.0
335	0.3333333333333333	1.0
336	0.3333333333333333	1.0
337	0.2	1.0
338	0.25	1.0
339	0.25	1.0
340	0.3333333333333333	1.0
341	0.3333333333333333	1.0
342	0.3333333333333333	1.0
343	0.14285714285714282	1.0
344	0.5	1.0
345	0.16666666666666666	1.0
346	0.5	1.0
347	0.3333333333333333	1.0
348	0.06666666666666667	1.0
349	0.2	1.0
350	0.3333333333333333	1.0
351	1.0	1.0
352	0.09090909090909091	1.0
353	0.25	1.0
354	0.3333333333333333	1.0
355	0.2	1.0
356	0.3333333333333333	1.0
357	0.25	1.0
358	0.2	1.0
359	0.1111111111111111	1.0
360	0.16666666666666666	1.0
361	0.2	1.0
362	0.3333333333333333	1.0
363	0.0769230769230769	1.0
364	0.5	1.0
365	0.25	1.0
366	0.07142857142857141	1.0
367	0.08333333333333333	1.0
368	0.125	1.0
369	0.3333333333333333	1.0
370	0.16666666666666666	1.0
371	0.5	1.0
372	0.25	1.0
373	0.3333333333333333	1.0
374	1.0	1.0
375	0.25	1.0
376	0.5	1.0
377	0.5	1.0
378	0.3333333333333333	1.0
379	1.0	1.0
380	1.0	1.0
381	1.0	1.0
382	1.0	1.0
383	1.0	1.0
384	0.16666666666666666	1.0
385	0.2	1.0
386	0.1	1.0
387	0.16666666666666666	1.0
388	0.1	1.0
389	0.16666666666666666	1.0
390	0.2	1.0
391	0.2	1.0
392	0.14285714285714282	1.0
393	1.0	1.0
394	0.16666666666666666	1.0
395	0.125	1.0
396	0.5	1.0
397	0.5	1.0
398	0.25	1.0
399	0.09090909090909091	1.0
400	0.14285714285714282	1.0
401	0.2	1.0
402	0.1	1.0
403	0.3333333333333333	1.0
404	0.125	1.0
405	0.0769230769230769	1.0
406	0.3333333333333333	1.0
407	0.5	1.0
408	0.5	1.0
409	0.07142857142857141	1.0
410	0.2	1.0
411	1.0	1.0
412	0.25	1.0
413	0.14285714285714282	1.0
414	0.1	1.0
415	0.5	1.0
416	1.0	1.0
417	0.25	1.0
418	0.5	1.0
419	1.0	1.0
420	0.5	1.0
421	0.25	1.0
422	0.5	1.0
423	0.1	1.0
424	0.5	1.0
425	0.25	1.0
426	1.0	1.0
427	0.09090909090909091	1.0
428	0.0769230769230769	1.0
429	0.5	1.0
430	0.14285714285714282	1.0
431	0.3333333333333333	1.0
432	0.125	1.0
433	1.0	1.0
434	0.3333333333333333	1.0
435	0.16666666666666666	1.0
436	0.06666666666666667	1.0
437	0.14285714285714282	1.0
438	0.5	1.0
439	0.07142857142857141	1.0
440	0.5	1.0
441	0.2	1.0
442	0.06666666666666667	1.0
443	0.5	1.0
444	0.125	1.0
445	0.3333333333333333	1.0
446	1.0	1.0
447	0.5	1.0
448	0.03703703703703703	1.0
449	0.5	1.0
450	0.5	1.0
451	0.2	1.0
452	1.0	1.0
453	0.125	1.0
454	1.0	1.0
455	0.08333333333333333	1.0
456	0.1	1.0
457	1.0	1.0
458	0.2	1.0
459	1.0	1.0
460	0.1111111111111111	1.0
461	0.5	1.0
462	0.25	1.0
463	0.1111111111111111	1.0
464	0.08333333333333333	1.0
465	0.14285714285714282	1.0
466	0.09090909090909091	1.0
467	0.125	1.0
468	0.2	1.0
469	0.09090909090909091	1.0
470	0.2	1.0
471	0.08333333333333333	1.0
472	0.5	1.0
473	0.3333333333333333	1.0
474	0.16666666666666666	1.0
475	0.1111111111111111	1.0
476	0.3333333333333333	1.0
477	0.5	1.0
478	0.07142857142857141	1.0
479	0.08333333333333333	1.0
480	0.09090909090909091	1.0
481	0.16666666666666666	1.0
482	1.0	1.0
483	0.5	1.0
484	0.2	1.0
485	0.5	1.0
486	0.1	1.0
487	0.5	1.0
488	1.0	1.0
489	0.3333333333333333	1.0
490	0.14285714285714282	1.0
491	0.25	1.0
492	0.2	1.0
493	0.25	1.0
494	0.3333333333333333	1.0
495	0.16666666666666666	1.0
496	0.3333333333333333	1.0
497	0.3333333333333333	1.0
498	0.16666666666666666	1.0
499	1.0	1.0
500	0.2	1.0
501	0.3333333333333333	1.0
502	0.3333333333333333	1.0
503	0.25	1.0
504	0.06666666666666667	1.0
505	0.08333333333333333	1.0
506	0.1	1.0
507	1.0	1.0
508	0.5	1.0
509	0.3333333333333333	1.0
510	0.25	1.0
511	0.5	1.0
512	0.5	1.0
513	0.5	1.0
514	0.14285714285714282	1.0
515	0.25	1.0
516	0.08333333333333333	1.0
517	0.125	1.0
518	0.08333333333333333	1.0
519	0.3333333333333333	1.0
520	0.5	1.0
521	0.1111111111111111	1.0
522	0.16666666666666666	1.0
523	0.14285714285714282	1.0
524	0.3333333333333333	1.0
525	0.3333333333333333	1.0
526	0.1111111111111111	1.0
527	0.5	1.0
528	0.125	1.0
529	0.125	1.0
530	0.3333333333333333	1.0
531	0.25	1.0
532	0.3333333333333333	1.0
533	0.06666666666666667	1.0
534	0.058823529411764705	1.0
535	0.5	1.0
536	0.3333333333333333	1.0
537	0.2	1.0
538	0.3333333333333333	1.0
539	0.05555555555555555	1.0
540	0.2	1.0
541	0.25	1.0
542	0.2	1.0
543	0.1111111111111111	1.0
544	1.0	1.0
545	0.0769230769230769	1.0
546	0.5	1.0
547	0.14285714285714282	1.0
548	0.05263157894736841	1.0
549	0.14285714285714282	1.0
550	0.0625	1.0
551	0.09090909090909091	1.0
552	0.3333333333333333	1.0
553	0.125	1.0
554	0.2	1.0
555	1.0	1.0
556	0.16666666666666666	1.0
557	0.07142857142857141	1.0
558	0.05263157894736841	1.0
559	0.14285714285714282	1.0
560	0.07142857142857141	1.0
561	1.0	1.0
562	0.1111111111111111	1.0
563	0.2	1.0
564	0.25	1.0
565	0.5	1.0
566	0.125	1.0
567	1.0	1.0
568	0.25	1.0
569	0.25	1.0
570	0.2	1.0
571	0.03333333333333333	1.0
572	0.5	1.0
573	0.1111111111111111	1.0
574	0.16666666666666666	1.0
575	0.08333333333333333	1.0
576	0.058823529411764705	1.0
577	0.1111111111111111	1.0
578	0.3333333333333333	1.0
579	0.25	1.0
580	0.0769230769230769	1.0
581	0.04761904761904763	1.0
582	0.3333333333333333	1.0
583	0.1111111111111111	1.0
584	0.038461538461538464	1.0
585	0.09090909090909091	1.0
586	0.3333333333333333	1.0
587	0.058823529411764705	1.0
588	0.0625	1.0
589	0.125	1.0
590	0.16666666666666666	1.0
591	0.04761904761904763	1.0
592	0.09090909090909091	1.0
593	0.5	1.0
594	0.06666666666666667	1.0
595	0.25	1.0
596	1.0	1.0
597	0.05000000000000001	1.0
598	0.5	1.0
599	0.5	1.0
600	0.5	1.0
601	0.08333333333333333	1.0
602	0.0625	1.0
603	0.5	1.0
604	0.3333333333333333	1.0
605	0.08333333333333333	1.0
606	0.1111111111111111	1.0
607	0.2	1.0
608	0.25	1.0
609	0.14285714285714282	1.0
610	0.0769230769230769	1.0
611	0.1	1.0
612	0.1	1.0
613	0.2	1.0
614	0.5	1.0
615	0.1111111111111111	1.0
616	0.08333333333333333	1.0
617	1.0	1.0
618	0.0625	1.0
619	0.07142857142857141	1.0
620	0.16666666666666666	1.0
621	0.05555555555555555	1.0
622	0.1	1.0
623	1.0	1.0
624	0.04761904761904763	1.0
625	0.05263157894736841	1.0
626	1.0	1.0
627	0.14285714285714282	1.0
628	0.041666666666666664	1.0
629	0.3333333333333333	1.0
630	0.1	1.0
631	0.2	1.0
632	0.07142857142857141	1.0
633	0.058823529411764705	1.0
634	0.125	1.0
635	0.14285714285714282	1.0
636	0.25	1.0
637	0.5	1.0
638	0.5	1.0
639	0.0625	1.0
640	0.07142857142857141	1.0
641	0.04347826086956521	1.0
642	0.3333333333333333	1.0
643	0.3333333333333333	1.0
644	0.058823529411764705	1.0
645	0.25	1.0
646	0.5	1.0
647	0.2	1.0
648	0.1111111111111111	1.0
649	0.2	1.0
650	1.0	1.0
651	0.1	1.0
652	0.2	1.0
653	0.5	1.0
654	0.5	1.0
655	0.05555555555555555	1.0
656	0.1	1.0
657	0.058823529411764705	1.0
658	0.04761904761904763	1.0
659	0.5	1.0
660	0.058823529411764705	1.0
661	0.1	1.0
662	0.05555555555555555	1.0
663	0.14285714285714282	1.0
664	0.14285714285714282	1.0
665	0.041666666666666664	1.0
666	0.5	1.0
667	0.2	1.0
668	0.125	1.0
669	1.0	1.0
670	0.14285714285714282	1.0
671	0.14285714285714282	1.0
672	0.5	1.0
673	0.058823529411764705	1.0
674	0.0769230769230769	1.0
675	0.2	1.0
676	0.04761904761904763	1.0
677	0.0625	1.0
678	0.25	1.0
679	0.09090909090909091	1.0
680	0.125	1.0
681	1.0	1.0
682	0.06666666666666667	1.0
683	0.5	1.0
684	0.06666666666666667	1.0
685	0.04347826086956521	1.0
686	0.04	1.0
687	0.06666666666666667	1.0
688	0.5	1.0
689	0.09090909090909091	1.0
690	1.0	1.0
691	0.06666666666666667	1.0
692	0.5	1.0
693	0.038461538461538464	1.0
694	0.038461538461538464	1.0
695	1.0	1.0
696	0.14285714285714282	1.0
697	0.058823529411764705	1.0
698	1.0	1.0
699	0.1	1.0
700	0.3333333333333333	1.0
701	0.5	1.0
702	1.0	1.0
703	0.25	1.0
704	1.0	1.0
705	0.038461538461538464	1.0
706	0.5	1.0
707	0.3333333333333333	1.0
708	0.3333333333333333	1.0
709	0.5	1.0
710	1.0	1.0
711	0.2	1.0
712	0.1111111111111111	1.0
713	1.0	1.0
714	0.03125	1.0
715	1.0	1.0
716	0.5	1.0
717	1.0	1.0
718	0.041666666666666664	1.0
719	0.5	1.0
720	0.3333333333333333	1.0
721	0.038461538461538464	1.0
722	0.041666666666666664	1.0
723	1.0	1.0
724	0.5	1.0
725	0.03571428571428571	1.0
726	0.3333333333333333	1.0
727	0.1111111111111111	1.0
728	0.04761904761904763	1.0
729	0.04545454545454544	1.0
730	0.03571428571428571	1.0
731	0.05263157894736841	1.0
732	0.5	1.0
733	0.04545454545454544	1.0
734	1.0	1.0
735	0.06666666666666667	1.0
736	0.14285714285714282	1.0
737	0.041666666666666664	1.0
738	0.04545454545454544	1.0
739	0.09090909090909091	1.0
740	0.3333333333333333	1.0
741	0.14285714285714282	1.0
742	0.05555555555555555	1.0
743	0.041666666666666664	1.0
744	0.3333333333333333	1.0
745	0.07142857142857141	1.0
746	0.04347826086956521	1.0
747	0.04	1.0
748	0.3333333333333333	1.0
749	0.2	1.0
750	0.04761904761904763	1.0
751	0.16666666666666666	1.0
752	0.038461538461538464	1.0
753	0.03703703703703703	1.0
754	0.041666666666666664	1.0
755	0.0625	1.0
756	1.0	1.0
757	0.5	1.0
758	0.030303030303030304	1.0
759	0.0625	1.0
760	1.0	1.0
761	0.038461538461538464	1.0
762	0.05263157894736841	1.0
763	0.032258064516129024	1.0
764	0.04347826086956521	1.0
765	0.038461538461538464	1.0
766	0.0625	1.0
767	1.0	1.0
768	0.06666666666666667	1.0
769	0.041666666666666664	1.0
770	0.03703703703703703	1.0
771	0.5	1.0
772	1.0	1.0
773	0.04761904761904763	1.0
774	0.04	1.0
775	0.08333333333333333	1.0
776	0.04545454545454544	1.0
777	0.05263157894736841	1.0
778	1.0	1.0
779	0.04545454545454544	1.0
780	1.0	1.0
781	0.03703703703703703	1.0
782	0.07142857142857141	1.0
783	0.04	1.0
784	0.05263157894736841	1.0
785	0.03333333333333333	1.0
786	0.04	1.0
787	0.027777777777777776	1.0
788	0.032258064516129024	1.0
789	0.03125	1.0
790	0.04	1.0
791	0.029411764705882353	1.0
792	0.03703703703703703	1.0
793	0.5	1.0
794	0.03571428571428571	1.0
795	0.03703703703703703	1.0
796	0.058823529411764705	1.0
797	0.022727272727272728	1.0
798	0.03703703703703703	1.0
799	0.04545454545454544	1.0
800	0.04	1.0
801	1.0	1.0
802	0.05555555555555555	1.0
803	0.038461538461538464	1.0
804	0.032258064516129024	1.0
805	0.032258064516129024	1.0
806	0.04	1.0
807	0.03448275862068965	1.0
808	0.04347826086956521	1.0
809	0.03125	1.0
810	0.03703703703703703	1.0
811	0.03448275862068965	1.0
812	0.03571428571428571	1.0
813	0.02702702702702702	1.0
814	0.03333333333333333	1.0
815	0.038461538461538464	1.0
816	0.03448275862068965	1.0
817	1.0	1.0
818	0.03571428571428571	1.0
819	0.032258064516129024	1.0
820	0.05000000000000001	1.0
821	1.0	1.0
822	0.03571428571428571	1.0
823	0.03125	1.0
824	0.04	1.0
825	0.03448275862068965	1.0
826	0.04	1.0
827	0.03571428571428571	1.0
828	0.030303030303030304	1.0
829	0.029411764705882353	1.0
830	0.0625	1.0
831	1.0	1.0
832	1.0	1.0
833	0.02564102564102564	1.0
834	0.03333333333333333	1.0
835	0.03448275862068965	1.0
836	1.0	1.0
837	0.03448275862068965	1.0
838	0.03448275862068965	1.0
839	0.03333333333333333	1.0
840	0.022222222222222227	1.0
841	0.032258064516129024	1.0
842	0.030303030303030304	1.0
843	0.038461538461538464	1.0
844	0.03333333333333333	1.0
845	0.02564102564102564	1.0
846	0.02702702702702702	1.0
847	0.030303030303030304	1.0
848	1.0	1.0
849	0.03333333333333333	1.0
850	0.029411764705882353	1.0
851	0.030303030303030304	1.0
852	0.02857142857142857	1.0
853	0.04	1.0
854	0.02857142857142857	1.0
855	0.02564102564102564	1.0
856	0.027777777777777776	1.0
857	0.03125	1.0
858	1.0	1.0
859	0.023255813953488372	1.0
860	0.03703703703703703	1.0
861	0.02564102564102564	1.0
862	0.030303030303030304	1.0
863	0.023255813953488372	1.0
864	0.024390243902439025	1.0
865	0.024390243902439025	1.0
866	0.03448275862068965	1.0
867	0.026315789473684206	1.0
868	0.02702702702702702	1.0
869	0.02040816326530612	1.0
870	0.02702702702702702	1.0
871	0.02857142857142857	1.0
872	0.027777777777777776	1.0
873	0.02702702702702702	1.0
874	0.021276595744680857	1.0
875	0.01818181818181818	1.0
876	0.022222222222222227	1.0
877	0.022222222222222227	1.0
878	0.017857142857142853	1.0
879	0.02	1.0
880	0.0196078431372549	1.0
881	0.020833333333333332	1.0
882	0.01724137931034483	1.0
883	0.018518518518518514	1.0
884	0.015151515151515152	1.0
885	0.019230769230769235	1.0
886	0.016393442622950824	1.0
887	0.015384615384615385	1.0
888	0.016949152542372878	1.0
889	0.0136986301369863	1.0
890	0.030303030303030304	1.0
891	0.0769230769230769	1.0
892	0.01052631578947369	1.0
893	0.125	1.0
894	0.009433962264150943	1.0
895	0.14285714285714282	1.0
896	0.0053475935828877	1.0
897	0.008474576271186442	1.0
898	0.005319148936170213	1.0
899	0.004081632653061226	1.0
